intron_cluster	chrom	pheno_start	pheno_end	strand	total_cis	distance	variant_id	variant_chrom	var_start	var_end	df	dummy	param_1	param_2	p	beta	emp_p	adj_p	qval	is_neand	queryHits	subjectHits	symbol
14:92922952:92949024:clu_856_NA	14	92922953	92949024	+	30315	0	14_92931878_C_T_b37	14	92931878	92931878	353	343.158	1.06725	3908.73	4.05769e-15	1.07685	0.000999001	7.35376e-12	4.52585481132293e-10	TRUE	1731	3807	SLC24A4
12:70636673:70637092:clu_19003_NA	12	70636674	70637092	+	27801	0	12_70636829_G_A_b37	12	70636829	70636829	353	325.749	1.09751	2324.8	1.16436e-13	-0.817769	0.000999001	3.26121e-10	1.68655216572816e-08	TRUE	2060	12892	CNOT2
15:86283503:86284277:clu_7657_NA	15	86283504	86284277	+	32470	-62875	15_86220629_T_C_b37	15	86220629	86220629	353	324.37	1.05656	2449.63	2.23872e-13	-0.619595	0.000999001	1.68031e-09	8.06070492210716e-08	TRUE	2220	3164	AKAP13
12:70636673:70636846:clu_19003_NA	12	70636674	70636846	+	27801	0	12_70636829_G_A_b37	12	70636829	70636829	353	338.16	1.07744	2742.13	2.9317e-12	0.772681	0.000999001	5.66232e-09	2.54742229256757e-07	TRUE	2368	12892	CNOT2
3:131220559:131220688:clu_30032_NA	3	131220560	131220688	+	28154	104	3_131220792_C_A_b37	3	131220792	131220792	353	355.344	0.994985	3179.8	4.36911e-12	2.15152	0.000999001	1.29672e-08	5.62707814582485e-07	TRUE	2455	3172	MRPL3
15:86291040:86291983:clu_7657_NA	15	86291041	86291983	+	32513	-70412	15_86220629_T_C_b37	15	86220629	86220629	353	341.952	1.06734	3303.67	8.92746e-12	0.579326	0.000999001	1.97207e-08	8.356901566428e-07	TRUE	2514	3164	AKAP13
14:92865753:92869460:clu_854_NA	14	92865754	92869460	+	30188	-1531	14_92864223_A_G_b37	14	92864223	92864223	353	365.6	1.02816	5896.85	7.52333e-11	-0.959612	0.000999001	1.30966e-07	4.98653747105075e-06	TRUE	2798	3807	SLC24A4
3:131220559:131221574:clu_30032_NA	3	131220560	131221574	+	28167	0	3_131220792_C_A_b37	3	131220792	131220792	353	331.782	1.03771	2064.1	3.61439e-11	-2.06248	0.000999001	1.60148e-07	6.02869506431095e-06	TRUE	2830	3172	MRPL3
15:40681492:40681707:clu_6949_NA	15	40681493	40681707	+	28219	-9536	15_40671957_A_G_b37	15	40671957	40671957	353	337.815	1.01647	2577.03	6.32803e-11	-0.840818	0.000999001	3.25851e-07	1.18317008977505e-05	TRUE	2934	21854	KNSTRN
2:28825788:28827522:clu_24419_NA	2	28825789	28827522	+	27149	4915	2_28832437_A_G_b37	2	28832437	28832437	353	349.07	1.01704	3207.48	2.85483e-10	-0.767964	0.000999001	9.0357e-07	3.0971984034749e-05	TRUE	3108	5094	PLB1
4:169298994:169299505:clu_4273_NA	4	169298995	169299505	+	28084	-98	4_169298897_C_T_b37	4	169298897	169298897	353	344.192	1.09187	3231.26	6.80231e-10	0.967177	0.000999001	1.0852e-06	3.67718501272265e-05	TRUE	3144	22029	DDX60L
15:40679407:40681367:clu_6949_NA	15	40679408	40681367	+	28252	-11869	15_40667539_T_C_b37	15	40667539	40667539	353	346.364	1.077	3138.81	3.31469e-09	-0.773802	0.000999001	5.98207e-06	0.00018156519811396	TRUE	3510	21854	KNSTRN
22:50687319:50687532:clu_12389_NA	22	50687320	50687532	+	28256	0	22_50687328_C_A_b37	22	50687328	50687328	353	343.175	1.04778	3973.95	7.09078e-09	1.60036	0.000999001	2.7669e-05	0.00075349929601227	TRUE	3912	20599	HDAC10
12:129278901:129283804:clu_19659_NA	12	129278902	129283804	+	35112	-6966	12_129271936_T_A_b37	12	129271936	129271936	353	333.264	1.08511	4560.83	5.44479e-09	0.734312	0.000999001	2.80655e-05	0.000762931864506252	TRUE	3919	3742	SLC15A4
12:129283609:129283804:clu_19659_NA	12	129283610	129283804	+	35062	-11674	12_129271936_T_A_b37	12	129271936	129271936	353	356.43	1.00687	6387.54	1.05711e-08	-0.720903	0.000999001	5.34392e-05	0.00138349738342649	TRUE	4115	3742	SLC15A4
20:4136113:4155677:clu_26422_NA	20	4136114	4155677	+	30870	0	20_4136671_G_T_b37	20	4136671	4136671	353	331.144	1.07944	3537	1.91801e-08	-0.437325	0.000999001	9.07547e-05	0.00225214563470766	TRUE	4293	14177	SMOX
4:38806003:38806375:clu_3626_NA	4	38806004	38806375	+	28790	-9749	4_38796255_G_T_b37	4	38796255	38796255	353	338.435	1.06874	3200.64	3.28992e-07	-0.551581	0.000999001	0.00115666	0.0230775786217228	TRUE	5339	18498	TLR1
20:4136050:4155677:clu_26422_NA	20	4136051	4155677	+	30871	0	20_4136671_G_T_b37	20	4136671	4136671	353	351.725	1.04547	5171.79	4.1421e-07	0.395625	0.001998	0.00166794	0.0320224040295549	TRUE	5549	14177	SMOX
