variant_id	transcript_id	0	1	2
chr10_60842447_A_G_b38	chr10_60871326_60871443	32968;685	1440;20	337;1
chr10_60846892_G_A_b38	chr10_60871326_60871443	33157;690	1251;15	337;1
chr10_60847284_C_T_b38	chr10_60871326_60871443	33157;690	1251;15	337;1
chr10_60849980_T_C_b38	chr10_60871326_60871443	33157;690	1251;15	337;1
chr10_60850566_A_T_b38	chr10_60871326_60871443	33157;690	1251;15	337;1
chr10_60852394_C_A_b38	chr10_60871326_60871443	33157;690	1251;15	337;1
chr10_60854587_C_G_b38	chr10_60871326_60871443	33164;691	1244;14	337;1
chr10_60854820_C_T_b38	chr10_60871326_60871443	33164;691	1244;14	337;1
chr10_60856287_C_A_b38	chr10_60871326_60871443	33136;690	1272;15	337;1
chr10_60856946_T_C_b38	chr10_60871326_60871443	33136;690	1272;15	337;1
chr10_60857746_T_G_b38	chr10_60871326_60871443	33136;690	1272;15	337;1
chr10_60859966_A_G_b38	chr10_60871326_60871443	33136;690	1272;15	337;1
chr10_60863667_G_A_b38	chr10_60871326_60871443	33136;690	1272;15	337;1
chr10_60864957_C_G_b38	chr10_60871326_60871443	33136;690	1272;15	337;1
chr2_178838760_T_A_b38	chr2_178786142_178789359	29227;586	6019;115	341;5
chr2_178842250_A_G_b38	chr2_178786142_178789359	29288;586	5958;115	341;5
chr2_178842819_G_A_b38	chr2_178786142_178789359	29288;586	5958;115	341;5
chr2_178843190_C_T_b38	chr2_178786142_178789359	29288;586	5958;115	341;5
chr2_178843761_C_T_b38	chr2_178786142_178789359	29316;587	5930;114	341;5
chr2_178845273_A_G_b38	chr2_178786142_178789359	29288;586	5958;115	341;5
chr2_178845823_C_G_b38	chr2_178786142_178789359	29288;586	5958;115	341;5
chr5_96700607_G_C_b38	chr5_96727531_96729611	108944;2180	34436;580	3368;64
chr5_96707593_G_T_b38	chr5_96727531_96729611	108944;2180	34436;580	3368;64
chr5_96717146_T_G_b38	chr5_96727531_96729611	108944;2180	34436;580	3368;64
chr5_96724602_G_A_b38	chr5_96727531_96729611	111440;2232	31268;528	4040;64
chr5_96725034_T_C_b38	chr5_96727531_96729611	111440;2232	31268;528	4040;64
chr5_96729932_A_G_b38	chr5_96727531_96729611	111000;2224	31708;536	4040;64
chr5_96730662_C_A_b38	chr5_96727531_96729611	111256;2228	31452;532	4040;64
chr5_96730872_C_G_b38	chr5_96727531_96729611	111440;2232	31268;528	4040;64
chr5_96738443_A_G_b38	chr5_96727531_96729611	111324;2228	31384;532	4040;64
chr5_96742236_A_G_b38	chr5_96727531_96729611	110884;2220	31824;540	4040;64
chr5_96742264_A_T_b38	chr5_96727531_96729611	110884;2220	31824;540	4040;64
chr5_96742633_C_G_b38	chr5_96727531_96729611	110884;2220	31824;540	4040;64
chr5_96742998_A_G_b38	chr5_96727531_96729611	110884;2220	31824;540	4040;64
chr5_96753146_A_G_b38	chr5_96727531_96729611	109188;2184	34064;584	3496;56
chr5_96756221_C_T_b38	chr5_96727531_96729611	109188;2184	34064;584	3496;56
chr5_96756570_C_G_b38	chr5_96727531_96729611	108952;2180	34300;588	3496;56
chr5_96774878_T_G_b38	chr5_96727531_96729611	110832;2228	32420;540	3496;56
chr5_96775598_A_T_b38	chr5_96727531_96729611	110832;2228	32420;540	3496;56
chr5_96776022_G_A_b38	chr5_96727531_96729611	111016;2232	32236;536	3496;56
chr5_96776075_A_G_b38	chr5_96727531_96729611	110832;2228	32420;540	3496;56
chr5_96776101_T_G_b38	chr5_96727531_96729611	110832;2228	32420;540	3496;56
chr5_96777159_C_T_b38	chr5_96727531_96729611	110832;2228	32420;540	3496;56
chr5_96777193_G_C_b38	chr5_96727531_96729611	110832;2228	32420;540	3496;56
chr5_96777265_C_T_b38	chr5_96727531_96729611	110832;2228	32420;540	3496;56
chr5_96777327_A_G_b38	chr5_96727531_96729611	110832;2228	32420;540	3496;56
chr5_96778134_T_C_b38	chr5_96727531_96729611	110832;2228	32420;540	3496;56
chr5_96778368_C_T_b38	chr5_96727531_96729611	110832;2228	32420;540	3496;56
chr5_96778446_A_G_b38	chr5_96727531_96729611	110832;2228	32420;540	3496;56
chr5_96778991_A_G_b38	chr5_96727531_96729611	110832;2228	32420;540	3496;56
chr5_96779249_C_G_b38	chr5_96727531_96729611	110832;2228	32420;540	3496;56
chr5_96779366_T_G_b38	chr5_96727531_96729611	110832;2228	32420;540	3496;56
chr5_96779381_G_C_b38	chr5_96727531_96729611	110832;2228	32420;540	3496;56
chr5_96780582_A_G_b38	chr5_96727531_96729611	110356;2212	32896;556	3496;56
chr5_96780956_A_G_b38	chr5_96727531_96729611	110356;2212	32896;556	3496;56
chr5_96781104_G_A_b38	chr5_96727531_96729611	110356;2212	32896;556	3496;56
chr5_96781875_G_A_b38	chr5_96727531_96729611	110356;2212	32896;556	3496;56
chr5_96782299_G_A_b38	chr5_96727531_96729611	110356;2212	32896;556	3496;56
chr5_96782444_T_C_b38	chr5_96727531_96729611	110356;2212	32896;556	3496;56
chr5_96782783_A_C_b38	chr5_96727531_96729611	110356;2212	32896;556	3496;56
chr5_96783351_T_C_b38	chr5_96727531_96729611	110356;2212	32896;556	3496;56
chr5_96787387_T_C_b38	chr5_96727531_96729611	110356;2212	32896;556	3496;56
chr5_96788750_A_G_b38	chr5_96727531_96729611	110356;2212	32896;556	3496;56
chr5_96789104_G_A_b38	chr5_96727531_96729611	110356;2212	32896;556	3496;56
chr5_96789830_T_A_b38	chr5_96727531_96729611	110356;2212	32896;556	3496;56
chr5_96792130_G_A_b38	chr5_96727531_96729611	109488;2196	33764;572	3496;56
chr5_96796367_A_G_b38	chr5_96727531_96729611	109488;2196	33764;572	3496;56
chr5_96803892_G_A_b38	chr5_96727531_96729611	110356;2212	32896;556	3496;56
chr5_96806235_G_C_b38	chr5_96727531_96729611	110356;2212	32896;556	3496;56
chr5_96809493_C_T_b38	chr5_96727531_96729611	110144;2208	33252;564	3352;52
chr5_96814490_T_C_b38	chr5_96727531_96729611	110144;2208	33252;564	3352;52
chr5_96821080_C_T_b38	chr5_96727531_96729611	110144;2208	33252;564	3352;52
chr5_96824014_G_A_b38	chr5_96727531_96729611	110028;2204	33368;568	3352;52
chr5_96828072_T_G_b38	chr5_96727531_96729611	109892;2200	33504;572	3352;52
chr5_96831905_C_T_b38	chr5_96727531_96729611	109892;2200	33504;572	3352;52
chr5_96832353_G_T_b38	chr5_96727531_96729611	109892;2200	33504;572	3352;52
chr5_96834213_T_G_b38	chr5_96727531_96729611	110144;2208	33252;564	3352;52
