intron_cluster	chrom	pheno_start	pheno_end	strand	total_cis	distance	variant_id	variant_chrom	var_start	var_end	df	dummy	param_1	param_2	p	beta	emp_p	adj_p	qval	is_neand	queryHits	subjectHits	seqnames	start	end	width	i.strand	gene_id
12:113355505:113357194:clu_29780_NA	12	113355506	113357194	+	25465	3592	12_113360786_T_C_b37	12	113360786	113360786	347	353.167	1.03147	3622.1	7.33182e-24	-0.807868	0.000999001	2.47701e-21	5.29142154595588e-19	TRUE	816	12967	chr12	113344739	113369990	25252	+	4938
12:70078388:70087454:clu_29166_NA	12	70078389	70087454	+	27898	1611	12_70089065_G_A_b37	12	70089065	70089065	347	370.399	0.95029	5668.78	3.39265e-17	-0.830995	0.000999001	8.33709e-14	9.16317681809584e-12	TRUE	1586	4691	chr12	70037334	70093196	55863	-	144453
6:2959576:2969013:clu_42044_NA	6	2959577	2969013	+	32650	32	6_2969045_T_C_b37	6	2969045	2969045	347	338.444	1.11294	4354.26	5.963e-14	2.31854	0.000999001	4.48341e-11	3.72155054357143e-09	TRUE	2100	13870	chr6	2948393	2972399	24007	-	5269
12:70636673:70637092:clu_29175_NA	12	70636674	70637092	+	27801	0	12_70636829_G_A_b37	12	70636829	70636829	347	326.719	1.08183	2480.46	2.23054e-12	-0.739881	0.000999001	5.52609e-09	3.58763641843575e-07	TRUE	2685	12892	chr12	70636774	70748773	112000	+	4848
9:34647958:34648045:clu_35155_NA	9	34647959	34648045	+	25372	-6197	9_34641762_G_A_b37	9	34641762	34641762	347	356.082	0.994105	3514.79	6.41328e-12	1.19387	0.000999001	1.33883e-08	8.24075393538136e-07	TRUE	2832	7949	chr9	34646586	34650595	4010	+	2592
16:57474895:57481254:clu_33965_NA	16	57474896	57481254	+	29487	-472	16_57474424_A_G_b37	16	57474424	57474424	347	323.042	1.08291	3156.1	4.56364e-12	-1.71424	0.000999001	1.93465e-08	1.16731919262721e-06	TRUE	2889	15633	chr16	57462087	57481369	19283	-	57019
7:44161881:44163110:clu_7137_NA	7	44161882	44163110	+	27178	-27678	7_44134204_A_G_b37	7	44134204	44134204	347	355.963	1.01756	4412.63	1.91247e-11	-0.639574	0.000999001	3.43443e-08	2.00964305287009e-06	TRUE	2979	14091	chr7	44154279	44163169	8891	-	5425
12:70636673:70636846:clu_29175_NA	12	70636674	70636846	+	27801	0	12_70636829_G_A_b37	12	70636829	70636829	347	320.484	1.12111	2388.77	9.80807e-11	0.685549	0.000999001	2.19209e-07	1.14611328239352e-05	TRUE	3334	12892	chr12	70636774	70748773	112000	+	4848
8:104415552:104419862:clu_17095_NA	8	104415553	104419862	+	28685	-146911	8_104268642_A_T_b37	8	104268642	104268642	347	334.733	1.08631	2822.94	8.73305e-10	0.901985	0.000999001	1.63295e-06	7.49862168730242e-05	TRUE	3796	20138	chr8	104410866	104427563	16698	-	81034
11:57098401:57099626:clu_48505_NA	11	57098402	57099626	+	29254	-52520	11_57045882_T_G_b37	11	57045882	57045882	347	321.144	1.0831	1728.69	1.37498e-09	1.05348	0.000999001	3.58039e-06	0.000156146030235176	TRUE	3997	18008	chr11	57093459	57103351	9893	-	6749
5:149762735:149767465:clu_15457_NA	5	149762736	149767465	+	29430	-57351	5_149705385_C_T_b37	5	149705385	149705385	347	331.26	1.08544	3128.68	6.94671e-09	-0.816596	0.000999001	1.95727e-05	0.000758012708398134	TRUE	4501	18392	chr5	149737202	149779871	42670	+	6949
17:73035366:73038276:clu_4026_NA	17	73035367	73038276	+	31500	32095	17_73070371_C_T_b37	17	73070371	73070371	347	339.308	1.01923	3940	2.04897e-08	-1.29583	0.000999001	9.63621e-05	0.00330266603647267	TRUE	5086	2534	chr17	73034955	73043074	8120	-	10476
17:73035366:73038276:clu_4026_NA	17	73035367	73038276	+	31500	32095	17_73070371_C_T_b37	17	73070371	73070371	347	339.308	1.01923	3940	2.04897e-08	-1.29583	0.000999001	9.63621e-05	0.00330266603647267	TRUE	5086	7308	chr17	73028695	73061981	33287	+	23510
2:238419744:238427182:clu_40496_NA	2	238419745	238427182	+	32321	0	2_238423688_C_T_b37	2	238423688	238423688	347	342.12	1.04233	4293.63	3.70001e-08	-1.58512	0.000999001	0.000135443	0.00451256623566514	TRUE	5232	19404	chr2	238395053	238463961	68909	+	79083
2:135476137:135479972:clu_39089_NA	2	135476138	135479972	+	26572	-593947	2_134882191_C_T_b37	2	134882191	134882191	347	336.055	1.09895	2445.4	1.02556e-07	-1.75517	0.001998	0.000175437	0.00569086251860811	TRUE	5373	20233	chr2	135213330	135525334	312005	-	81615
6:42018889:42019095:clu_43043_NA	6	42018890	42019095	+	28548	3720	6_42022815_C_T_b37	6	42022815	42022815	347	339.477	1.04187	3783.13	1.38938e-07	-0.682903	0.000999001	0.00052022	0.0152766424022911	TRUE	5936	4153	chr6	42018251	42055199	36949	+	129685
1:38023349:38027158:clu_21011_NA	1	38023350	38027158	+	27699	-7593	1_38015757_A_G_b37	1	38015757	38015757	347	344.73	1.0429	3853.18	2.11059e-07	0.750822	0.000999001	0.000646696	0.018605184558508	TRUE	6059	19295	chr1	38022520	38032458	9939	+	7802
7:131008627:131009011:clu_8446_NA	7	131008628	131009011	+	26384	996665	7_132005676_G_A_b37	7	132005676	132005676	347	366.061	1.00907	5679.66	5.70205e-07	-0.939688	0.002997	0.00149046	0.0390045841315118	TRUE	6661	12287	chr7	130794855	131181398	386544	+	4289
12:70087687:70092985:clu_29166_NA	12	70087688	70092985	+	27854	0	12_70089065_G_A_b37	12	70089065	70089065	347	344.78	1.03312	3566.54	8.85392e-07	0.50073	0.00599401	0.00279024	0.0671057434809603	TRUE	7247	4691	chr12	70037334	70093196	55863	-	144453
8:17100694:17102545:clu_16101_NA	8	17100695	17102545	+	41262	-33971	8_17066724_G_A_b37	8	17066724	17066724	347	323.076	1.04325	3278.07	4.75372e-07	-0.976167	0.004995	0.00297812	0.0708904803768947	TRUE	7323	9619	chr8	17086740	17104387	17648	-	29883
