id	GTEX-111VG	GTEX-11GS4	GTEX-1117F	GTEX-1122O	GTEX-1128S	GTEX-111YS	GTEX-11EQ9	GTEX-11EM3	GTEX-111CU	GTEX-11DXX	GTEX-111FC	GTEX-11EI6	GTEX-117YX	GTEX-11EQ8	GTEX-11EMC	GTEX-11DZ1
1	 0.0915046295	-0.0407788320	 0.0181845183	 0.0320975218	 0.0291098292	 6.296366e-02	 0.0649114046	 0.0340013610	 7.234513e-02	 0.0604853237	 0.0136546139	-0.0314831588	 0.030209258	-0.0238033767	-0.0041714005	-0.020956980
2	-0.0266126936	-0.0338354525	 0.0154909716	 0.0494929556	-0.0312586167	 3.418813e-02	-0.0122686115	 0.0721592521	-5.756260e-02	-0.0320869957	 0.0161230964	 0.0032165759	 0.055865542	 0.0095229744	 0.0378951238	-0.085088000
3	-0.0618419527	 0.0438347610	 0.0046074791	 0.0008290703	 0.0649441921	-1.045218e-02	-0.0215893948	-0.0378835027	 1.290716e-02	-0.0196011336	 0.0641623241	 0.0813139278	-0.013324431	 0.0764527762	 0.0359295948	-0.060031380
4	 0.0603996716	-0.0324413025	-0.1081244704	 0.0177562351	-0.0394798015	-9.240576e-03	 0.0739570797	-0.0277988166	 5.969939e-04	 0.0951150558	 0.0800850120	 0.0841310481	 0.006284373	 0.0735516546	 0.0377089700	-0.026165998
5	-0.0742144849	 0.0048074459	 0.0505741083	-0.0489869741	-0.0155728721	-1.487524e-02	-0.0155562702	 0.1078988973	 4.541006e-03	-0.0211974724	 0.0115815448	-0.0148091910	 0.078516628	-0.0438516340	 0.0221097869	 0.047630547
6	 0.0384862044	 0.0493547155	-0.0811389803	-0.0066168619	 0.0351639802	-1.581551e-02	 0.0070455913	-0.0289426292	-2.530851e-02	 0.0096515556	 0.0162174690	 0.0261546397	 0.010193007	 0.0946438922	 0.1043660627	 0.090928524
7	-0.1099762973	 0.0245150185	-0.0056956621	 0.0974896534	-0.0429817596	 7.489079e-02	 0.0476214472	 0.0003517334	 2.403188e-02	 0.0358006656	 0.0521525062	 0.0407979326	 0.006322890	 0.0021808439	-0.0732945983	 0.010867825
8	-0.0153659426	 0.0618648044	-0.0665547731	-0.0305243136	 0.0122605258	-2.912407e-02	 0.0110339456	-0.0415477662	-1.238322e-02	-0.0266987424	 0.0755087890	 0.0166414751	-0.002654013	 0.0532058519	 0.0409512632	 0.018920723
9	 0.0270261017	-0.0274897939	 0.0467972196	 0.0435128659	-0.0243372609	 4.118651e-02	 0.0055173078	-0.0003263672	-6.267336e-02	 0.0018448386	 0.0410186524	 0.0172140504	-0.019674582	 0.0441195573	-0.0100066826	 0.096848269
10	-0.0515243559	-0.1170871529	-0.0129044328	 0.0214891076	 0.0331948088	 7.036201e-03	-0.0171811061	-0.0238554968	 6.746546e-02	-0.0270362986	 0.0088257494	-0.0175876044	-0.009986800	 0.0630679875	 0.0305272329	 0.093475632
C1	 0.0162000000	 0.0100000000	-0.1037000000	 0.0164000000	 0.0162000000	 1.750000e-02	 0.0148000000	 0.0156000000	 1.180000e-02	 0.0161000000	 0.0112000000	 0.0164000000	-0.028700000	 0.0151000000	 0.0150000000	 0.016600000
C2	-0.0081000000	-0.0044000000	-0.0173000000	-0.0106000000	-0.0111000000	-9.600000e-03	-0.0078000000	-0.0057000000	-3.000000e-03	-0.0090000000	-0.0080000000	-0.0039000000	 0.321600000	 0.0018000000	-0.0026000000	-0.002000000
C3	 0.0227000000	-0.1478000000	 0.0017000000	 0.0126000000	 0.0381000000	 1.670000e-02	-0.0057000000	-0.0011000000	 8.000000e-04	 0.0010000000	 0.0308000000	 0.0195000000	 0.017800000	 0.0203000000	-0.0098000000	 0.028900000
InferredCov1	 0.0303892940	 0.0407780893	 0.0241803341	-0.0328572281	-0.0346629024	-2.323336e-02	-0.0197307635	-0.0566240624	-2.370444e-02	-0.0644022971	 0.0501273759	 0.0428936705	-0.043360408	 0.0300113000	-0.0297203884	-0.007935531
InferredCov2	-0.0323902965	-0.0145770861	 0.0429010876	 0.0018982822	 0.0187825877	 1.954328e-02	-0.0294251814	-0.0212289039	-3.497451e-02	-0.0312998369	-0.0208450612	-0.0317779817	-0.022167122	-0.0190767664	-0.0259416811	 0.026155237
InferredCov3	 0.0578087717	-0.0152937230	 0.0401280113	-0.0714534149	-0.0325292088	-5.874333e-02	-0.0313650668	-0.0209152717	 4.355792e-02	 0.0167331919	 0.0092288107	-0.0326712579	-0.022123327	 0.0324962251	 0.0583718158	 0.056131091
InferredCov4	-0.1011492312	-0.0313146040	 0.0206681881	-0.0046179583	-0.0522218198	-9.485063e-03	 0.0273209997	 0.0292182732	-9.510184e-03	-0.0222346466	 0.0445133708	 0.0144844269	 0.045082774	-0.0271360353	-0.0075928215	-0.011773831
InferredCov5	-0.0291730613	-0.0408801883	-0.1136161089	 0.0055344775	 0.0135931596	-8.923208e-03	 0.0134714982	-0.0129314670	 1.759644e-02	 0.0360622518	 0.0296738967	 0.0334050581	 0.042531416	 0.0636189952	-0.0886161849	 0.054610040
InferredCov6	 0.0892198831	-0.0108520798	 0.1145220995	 0.0186356772	 0.0114530260	 2.243576e-02	 0.0116108572	-0.0492911525	 4.033139e-02	-0.0138635840	-0.0623179339	-0.0352036022	 0.045735262	 0.0730993375	 0.0563349947	 0.013164273
InferredCov7	 0.0238779206	 0.0029352258	 0.0546259731	-0.0290757213	-0.0420063026	-1.259964e-02	-0.0524951704	-0.0544591956	 4.426999e-02	 0.0208095964	 0.0366781764	-0.0087233074	-0.018562403	 0.0255794879	-0.0362318419	-0.027211931
InferredCov8	-0.0270482972	 0.0168321077	-0.0390458442	-0.0112363519	 0.0008022317	-6.131763e-05	 0.0229090247	 0.0206747241	 1.055852e-02	 0.0314642750	-0.0262275729	 0.0216921493	-0.029211883	 0.0717250556	 0.0209988188	-0.011207546
InferredCov9	 0.0364160538	-0.0011518486	-0.0160850678	 0.0190037005	 0.0616522506	-2.371229e-02	 0.0359492674	-0.0655240119	 2.660011e-02	 0.0533565916	-0.0077266172	-0.0084030004	-0.018557096	-0.0438835062	-0.0277229175	-0.010393923
InferredCov10	-0.0013015437	-0.0265660882	 0.0694208741	-0.0298908167	 0.0065394016	-9.464221e-02	 0.0028738624	 0.1007428467	-5.974257e-02	-0.0464728586	-0.0430992842	-0.0012700988	 0.033821292	-0.0367779471	 0.0359306894	-0.081080012
InferredCov11	-0.0204154775	 0.0407031067	-0.0610687956	-0.0744175315	-0.0145598017	 3.118000e-02	-0.0133399153	 0.1240284890	 3.314584e-02	 0.0332282186	-0.0218990389	 0.0258928910	 0.068617083	-0.1427814215	-0.0577035062	-0.034644619
InferredCov12	-0.0703276172	-0.0182109512	 0.0530327521	-0.0201032907	-0.0142677482	-1.558021e-02	-0.0725281164	 0.0146015342	 4.185323e-02	 0.0341769345	 0.0740246400	-0.0312829390	 0.074604906	-0.0143787526	 0.1146602780	 0.030672275
InferredCov13	-0.0772871673	 0.0462562963	-0.0748140290	 0.0161176659	 0.0568410493	 8.583493e-03	-0.0525009185	 0.0604105443	 4.410747e-02	 0.0078626946	-0.0018142851	-0.0025229643	-0.109678976	 0.0132366074	-0.0755039230	-0.048136991
InferredCov14	 0.0197248589	-0.0105983689	 0.0009377859	 0.0465047620	 0.0134598371	 2.567503e-02	 0.0263081454	 0.0597066954	 4.280468e-03	 0.0413794965	-0.0009408648	 0.0075848335	-0.001166530	-0.0018825452	 0.0192624889	-0.111263834
InferredCov15	-0.0623720735	 0.0005360839	 0.1057814434	-0.0324552134	-0.0465414450	 8.934628e-03	-0.0475941449	-0.0718237460	-1.318351e-02	-0.0197113343	-0.0331233032	-0.0101880049	 0.004528460	-0.0701468810	-0.0496454276	-0.010517895
InferredCov16	-0.0061513493	-0.0509726517	 0.0425473191	-0.0153158726	-0.0385670699	 6.624900e-03	 0.0482977852	 0.0525460392	 7.373909e-02	 0.0178475324	-0.0538923256	 0.0342201330	 0.008238570	 0.0947890580	-0.0419281237	 0.067518301
InferredCov17	-0.0371798202	-0.0059123612	 0.1130211055	-0.0539073721	 0.0116507737	 4.463146e-02	 0.0080081243	-0.0359849222	-5.843456e-02	 0.0101828575	-0.0210735183	-0.0190684609	 0.093799606	 0.0793794617	 0.1123680994	-0.046906766
InferredCov18	-0.0753854737	 0.0272291172	 0.0503842793	-0.0095234979	-0.0050789397	 4.898069e-02	-0.0034041246	-0.0408555642	-1.602140e-02	-0.0370592065	-0.0514475368	-0.0162034482	 0.020359481	 0.0665226802	-0.1225047559	 0.091797531
InferredCov19	-0.0125447754	 0.0181509219	-0.0433976911	-0.0040895385	 0.0188638940	 6.694847e-02	-0.0008518484	-0.0194070917	 5.393483e-02	 0.0691245273	 0.0026334422	 0.0477529690	-0.058389112	-0.0005574831	 0.0261798035	 0.063148618
InferredCov20	-0.0180623960	 0.0076998849	 0.0064823255	-0.0046334676	-0.0628698692	-5.831968e-02	-0.0031079540	 0.0846061632	 2.965928e-02	 0.0229240060	-0.0088139474	-0.0021425621	 0.020330509	 0.0207448695	 0.0871155336	-0.029898204
InferredCov21	 0.0388771519	 0.0513933040	 0.0589168668	-0.0056270664	 0.0345940143	 3.256496e-02	-0.0459051915	 0.0129643371	-3.147295e-02	-0.0492070988	 0.0079591312	-0.0025837545	-0.109425023	 0.0428162292	-0.0432900041	-0.008377274
InferredCov22	 0.0375099592	-0.0264288764	-0.1191709936	-0.0167428199	 0.0490074567	 3.103722e-02	 0.0687744468	 0.0119970655	 1.513411e-01	 0.0427639410	 0.0807129070	 0.0309100877	-0.090920359	-0.0080739250	 0.0223578848	 0.072553396
InferredCov23	 0.0182884783	-0.0230557546	-0.1243386939	-0.0074669034	-0.0986446142	 4.826606e-02	 0.0639390871	-0.0308261644	-3.720637e-02	-0.0035497439	 0.0633380413	 0.0080309119	 0.123396911	 0.0544014983	-0.1010076478	 0.017756784
InferredCov24	-0.0589321777	 0.0891414285	 0.1250198781	 0.1030347049	 0.0631519035	 1.801726e-02	-0.0345716067	 0.0446613729	 5.209797e-02	-0.0197313149	 0.0608422160	-0.0112523679	 0.075646624	-0.0123425182	-0.0473135635	-0.002173256
InferredCov25	-0.1187507287	-0.0434879437	 0.0110812634	 0.0223423745	 0.0955440477	 6.312017e-03	-0.0822054148	-0.1613215655	-5.795863e-02	-0.0240212642	 0.0270296670	 0.0309912208	 0.018018855	-0.0056365002	 0.1292482913	-0.006381930
InferredCov26	-0.0083352076	 0.0072948504	-0.0407770053	 0.0728545934	 0.0621970519	-5.720649e-02	-0.0776402354	-0.0485628359	-3.760294e-03	-0.1225174069	-0.0659066066	 0.0280308146	-0.097110346	-0.0691686347	 0.0035610020	 0.035051886
InferredCov27	 0.0182062313	-0.0032362309	-0.1161454171	 0.1094342843	 0.0140357045	-5.699793e-02	-0.1063612998	-0.1032402813	-5.215933e-02	 0.0980913714	 0.0007819167	-0.0278794486	-0.044354174	 0.1170345396	-0.1156727970	-0.036920797
InferredCov28	 0.0006220893	-0.0610756278	 0.1966721863	-0.0842726231	-0.1425963491	 4.401528e-03	-0.0435624048	 0.0500352345	-2.298070e-02	 0.1447255015	 0.0324802548	-0.0464454666	-0.094169348	-0.0914760008	-0.0920910612	 0.053633191
InferredCov29	 0.0268373396	 0.0317556746	 0.0549207516	-0.0924383178	-0.0956973284	 4.422088e-02	-0.1026487350	-0.1175847203	 2.697258e-02	-0.0049502542	-0.0010433815	 0.0160427894	 0.076175913	 0.0150187267	 0.0068586636	-0.056166928
InferredCov30	 0.0795863867	-0.0039542071	-0.0097835669	-0.0060588014	-0.0332563892	-3.657493e-02	-0.0986798778	 0.0717476979	 1.109561e-01	-0.0265109092	-0.0335324220	-0.0600938089	-0.003107438	 0.0762304738	 0.0976010188	-0.097759724
InferredCov31	-0.0909701958	 0.0647667199	 0.0996924341	 0.0110754324	-0.0009132006	 8.556787e-03	 0.0344314873	-0.0449352078	 1.869829e-02	-0.0179123972	-0.0679308772	 0.0237289518	 0.030295119	 0.0061158407	 0.0796716064	-0.027013870
InferredCov32	-0.0440646708	 0.0355147831	-0.0143309552	 0.1077797115	 0.0302754156	 1.648463e-02	 0.0239771083	 0.0309416987	 1.041288e-02	-0.0845040977	 0.0832182989	 0.0492494889	-0.010797695	-0.0714754537	-0.0402795076	 0.138166621
InferredCov33	-0.0756885856	-0.1054118723	 0.0470220782	-0.0400230549	-0.0417676084	-9.375340e-03	-0.0959941372	-0.0365042016	-7.355796e-02	 0.0299598239	-0.0169804376	-0.0095684621	-0.012638767	 0.0790473595	-0.0762654990	 0.016806928
InferredCov34	-0.0726346672	 0.0236359835	-0.0095904702	 0.0098851882	-0.0565163754	 1.595628e-02	-0.0478939004	 0.0842617378	 1.703413e-02	 0.1107912362	-0.0001709553	 0.0379330553	-0.071843781	 0.0187015347	-0.0445100367	 0.082028635
InferredCov35	-0.0592484958	 0.0007178722	 0.0871249214	-0.1055607498	 0.0896065980	-5.912957e-02	-0.0257280972	 0.0152413389	 2.818708e-02	-0.0738321766	-0.0504587591	-0.0080453344	-0.187460035	-0.1014106721	 0.0874390975	 0.032991461
InferredCov36	 0.1435020566	 0.0193849783	 0.1232661232	 0.0965161547	-0.0237871800	 8.553705e-02	-0.0919398740	-0.0838325396	 1.399580e-02	 0.0867641419	 0.1373155713	 0.1165765151	 0.065514728	-0.0075396029	 0.0576437041	 0.082913928
InferredCov37	-0.0294684954	-0.0106302910	-0.0238817614	-0.0498061702	-0.0868509412	-4.087716e-02	 0.0544880666	-0.0099048205	-4.015275e-02	-0.0349700414	 0.0103954449	 0.0451721288	-0.110327609	 0.0261713676	-0.0593746789	 0.016851939
InferredCov38	 0.0668576434	 0.0359826013	-0.0255764984	-0.0619835258	 0.0643300563	-6.188401e-02	 0.0197326969	-0.0336077139	 7.910357e-05	-0.0729168579	-0.0273819137	-0.0057125245	 0.178577632	 0.0537636653	-0.0445089117	 0.100456707
InferredCov39	 0.0953375250	-0.0839026123	 0.0186071824	-0.0717623159	-0.1019790247	 1.314157e-01	-0.0207007192	 0.1027521789	 8.555582e-02	-0.0567365140	-0.1260297745	 0.0244267229	 0.045423992	-0.0585413650	-0.0456610918	-0.106061734
InferredCov40	 0.0375513285	 0.1063015684	 0.1662159562	 0.0337426700	 0.0100073144	-6.704463e-03	-0.0100855632	-0.0464333184	 7.834644e-02	 0.1785989255	 0.0421909317	 0.0144378161	 0.024943221	-0.0086766295	-0.3776449263	 0.061665580
InferredCov41	-0.1382532269	-0.0204939991	 0.0425956622	-0.0144943921	-0.0617606007	-5.594392e-02	 0.1416867822	 0.0195424724	 1.540483e-02	-0.0456491299	-0.0834053755	-0.0017283112	-0.075916514	 0.0095417965	-0.1863576770	-0.040802479
InferredCov42	-0.0274594426	-0.0031533034	 0.0099055758	 0.0487108156	 0.0680932924	-1.619861e-02	-0.0430874899	-0.0663969591	-3.810638e-02	-0.0146109071	 0.0016774503	-0.0371123180	 0.090512827	 0.0172369611	 0.0761151388	 0.234823748
InferredCov43	 0.0976914465	 0.0550249517	 0.0425194278	-0.0169517882	-0.1095279977	-4.763393e-02	-0.0240776669	-0.0352104045	 4.232622e-02	-0.0621878952	 0.0206582826	-0.0458976366	 0.049989231	 0.0264244955	-0.0860877857	 0.114496499
InferredCov44	-0.0753723085	 0.0530329831	-0.0755443200	-0.0051977634	-0.0133411009	-3.980051e-06	-0.0338310227	-0.0013658321	-3.199216e-02	-0.0518117398	-0.1791637093	-0.0534328781	 0.011652307	 0.0489264876	-0.0370122194	 0.026356602
InferredCov45	 0.1253093034	 0.0697141141	-0.0883827806	 0.0049900068	 0.0064531388	 1.489852e-01	-0.1497874707	-0.0017661550	 3.040513e-02	 0.0575831272	-0.0439035371	-0.1172008812	 0.006327110	 0.1430753022	-0.0477260239	 0.104249649
InferredCov46	-0.1266665459	-0.0079792002	 0.0144215608	-0.0056690774	-0.1023605615	 7.844766e-02	 0.1160831973	-0.2160039991	 6.485417e-02	-0.0572999902	-0.0891683623	-0.0601305179	-0.143238410	-0.0547561720	 0.1064761356	-0.031484365
InferredCov47	-0.1455666274	-0.0165798273	 0.0677928999	 0.0218382366	 0.0090143867	-4.205244e-02	 0.0191489886	-0.0731889680	-5.782585e-02	 0.0520234369	 0.0131759625	 0.0855656117	-0.116187066	-0.0752179176	 0.0947305858	-0.017730583
InferredCov48	-0.0599735864	-0.0087902714	 0.0729067400	-0.0809556246	 0.0964570045	-1.920993e-02	 0.0750688314	 0.1658655554	-6.720248e-04	-0.0791025758	-0.0205730945	-0.0832295418	-0.090610042	 0.0442470722	 0.0718719885	-0.065945357
InferredCov49	 0.1148865148	 0.1369452924	 0.0285346843	-0.0594863817	 0.0351020806	 6.731160e-02	 0.0192331541	 0.1007865816	-1.717913e-01	 0.0295037329	 0.0199959911	 0.0247867908	-0.080930628	 0.1186595261	-0.0326179080	-0.017394872
InferredCov50	-0.0998561084	-0.0782768279	-0.0039377930	 0.0603541918	-0.0914012492	 4.029507e-02	 0.0665385053	 0.0206185021	 3.929612e-02	-0.0823481828	-0.1243548989	-0.0255810395	 0.040135350	 0.0405811444	-0.1509191394	-0.116934650
InferredCov51	-0.0475492515	-0.0252680536	-0.1569931358	 0.1356687993	 0.1171462312	 1.213489e-01	-0.0154498126	 0.0698544830	-1.882712e-02	 0.0109303445	 0.0478026792	-0.0180715974	 0.007751623	 0.0452472158	 0.0130729713	 0.055936430
InferredCov52	 0.1016497537	 0.0189150516	-0.0748104602	-0.0427916013	 0.0155806737	 3.115481e-02	-0.1058689803	-0.0318762660	-1.069730e-01	 0.0572415702	-0.0893787295	-0.1690316200	-0.073118545	-0.0252346173	-0.0851483122	-0.169200122
InferredCov53	 0.0025562737	 0.0249975845	-0.0901330411	-0.1062122360	-0.1188721582	-5.116889e-02	-0.0880232826	-0.0992372110	 9.934725e-02	-0.0004388879	-0.0123177031	-0.0439836010	-0.089861237	 0.0274753571	-0.0003981339	 0.174336746
InferredCov54	 0.0705965310	-0.0471448265	 0.0449692905	 0.0348920375	 0.0408789739	-5.821858e-02	-0.0186474659	-0.0599063076	 7.092230e-02	 0.1824565530	-0.0105953952	 0.0008734123	-0.145570710	 0.0104799960	 0.0561049506	-0.122267991
InferredCov55	 0.0559389517	 0.0471703969	-0.0294312742	-0.0009892819	-0.0574272722	-1.134422e-01	-0.1362070888	 0.0042895479	 1.723240e-01	-0.0304764584	-0.0140077369	-0.0540811270	 0.083973035	-0.0711178705	-0.0080122938	-0.074370131
InferredCov56	-0.0934767798	 0.0408185944	-0.3088210821	-0.0508577339	 0.0464123636	 9.054622e-02	 0.1335954070	 0.0584655255	-5.479446e-02	-0.1004900858	-0.1571918279	 0.0290616136	 0.047360349	-0.0834645554	 0.1271020472	-0.091169149
InferredCov57	 0.0566059165	-0.0016387627	 0.0108979084	-0.0042557856	-0.0429717265	 7.016559e-02	-0.1490150243	 0.0161285903	-9.955602e-03	 0.0291168280	-0.0675588623	-0.0470021144	-0.031775042	-0.1096297503	 0.0438035987	 0.165939391
InferredCov58	-0.0088968584	 0.0321692750	-0.0234535486	 0.0237639435	 0.0568466075	 1.317064e-01	 0.0143312551	 0.0202554613	-2.018145e-02	 0.1613020003	-0.0830864683	-0.0369450413	 0.283541024	-0.0254038777	-0.0302283056	-0.030573277
InferredCov59	 0.0191460643	-0.1581935138	-0.0415946804	 0.1066498905	-0.0434283465	-1.719565e-03	 0.1077179834	-0.0234546866	-1.089551e-01	-0.0689135939	-0.0961330906	 0.0201399960	-0.082360432	 0.0007762946	 0.0460446402	-0.166954949
InferredCov60	 0.0982049704	-0.0535821989	-0.1644199193	-0.1333092004	-0.1558861285	-5.305634e-02	 0.0686811283	-0.0799486488	-5.006839e-03	-0.0386371762	 0.0110115688	 0.1000675634	 0.198523492	 0.0857820213	-0.0461642295	 0.110378861
sex	 1.0000000000	 1.0000000000	 2.0000000000	 2.0000000000	 2.0000000000	 1.000000e+00	 1.0000000000	 2.0000000000	 1.000000e+00	 2.0000000000	 1.0000000000	 1.0000000000	 1.000000000	 1.0000000000	 2.0000000000	 1.000000000
platform	 1.0000000000	 1.0000000000	 1.0000000000	 1.0000000000	 1.0000000000	 1.000000e+00	 1.0000000000	 1.0000000000	 1.000000e+00	 1.0000000000	 1.0000000000	 1.0000000000	 1.000000000	 1.0000000000	 1.0000000000	 1.000000000
