1:10580:12010:clu_38683_NA 1 10581 12010 + 14357 -387 1_10194_A_C_b37 1 10194 10194 1 0 0
1:10580:12010:clu_38683_NA 1 10581 12010 + 14357 -347 1_10234_C_T_b37 1 10234 10234 0.854518 -0.00862619 0
1:10580:12010:clu_38683_NA 1 10581 12010 + 14357 -305 1_10276_C_A_b37 1 10276 10276 0.956178 -0.00258386 0
1:10580:12010:clu_38683_NA 1 10581 12010 + 14357 -227 1_10354_C_A_b37 1 10354 10354 0.725467 0.00553526 0
1:10580:12010:clu_38683_NA 1 10581 12010 + 14357 -119 1_10462_T_C_b37 1 10462 10462 0.0353242 0.0698706 0
1:10580:12010:clu_38683_NA 1 10581 12010 + 14357 -103 1_10478_C_G_b37 1 10478 10478 0.996371 0.000151438 0
1:10580:12010:clu_38683_NA 1 10581 12010 + 14357 -101 1_10480_C_A_b37 1 10480 10480 0.195555 0.0607995 0
1:10580:12010:clu_38683_NA 1 10581 12010 + 14357 -99 1_10482_G_C_b37 1 10482 10482 1 0 0
1:10580:12010:clu_38683_NA 1 10581 12010 + 14357 -92 1_10489_C_T_b37 1 10489 10489 1 0 0
1:10580:12010:clu_38683_NA 1 10581 12010 + 14357 -89 1_10492_C_T_b37 1 10492 10492 0.392558 -0.00520707 0
1:10580:12010:clu_38683_NA 1 10581 12010 + 14357 -84 1_10497_C_T_b37 1 10497 10497 0.578423 -0.0261244 0
1:10580:12010:clu_38683_NA 1 10581 12010 + 14357 -18 1_10563_C_A_b37 1 10563 10563 0.304608 -0.0482402 0
1:10580:12010:clu_38683_NA 1 10581 12010 + 14357 -16 1_10565_C_T_b37 1 10565 10565 0.989288 -0.000631291 0
1:10580:12010:clu_38683_NA 1 10581 12010 + 14357 -2 1_10579_C_A_b37 1 10579 10579 0.19545 -0.0608107 0
1:10580:12010:clu_38683_NA 1 10581 12010 + 14357 0 1_10583_G_A_b37 1 10583 10583 0.555009 0.00277186 0
1:10580:12010:clu_38683_NA 1 10581 12010 + 14357 0 1_10591_G_C_b37 1 10591 10591 0.513218 -0.0217613 0
1:10580:12010:clu_38683_NA 1 10581 12010 + 14357 0 1_10611_C_G_b37 1 10611 10611 0.919746 0.00473808 0
1:10580:12010:clu_38683_NA 1 10581 12010 + 14357 0 1_10613_A_T_b37 1 10613 10613 0.761942 -0.0142526 0
1:10580:12010:clu_38683_NA 1 10581 12010 + 14357 0 1_10658_G_C_b37 1 10658 10658 1 0 0
1:10580:12010:clu_38683_NA 1 10581 12010 + 14357 0 1_10659_G_A_b37 1 10659 10659 0.139092 0.0347371 0
1:10580:12010:clu_38683_NA 1 10581 12010 + 14357 649 1_12659_G_C_b37 1 12659 12659 0.493089 0.00990301 0
1:10580:12010:clu_38683_NA 1 10581 12010 + 14357 660 1_12670_G_C_b37 1 12670 12670 0.260963 0.0217319 0
1:10580:12010:clu_38683_NA 1 10581 12010 + 14357 662 1_12672_C_T_b37 1 12672 12672 0.21907 0.00931136 0
1:10580:12010:clu_38683_NA 1 10581 12010 + 14357 663 1_12673_G_A_b37 1 12673 12673 0.600722 -0.0174275 0
1:10580:12010:clu_38683_NA 1 10581 12010 + 14357 709 1_12719_G_C_b37 1 12719 12719 0.683021 -0.00257005 0
1:10580:12010:clu_38683_NA 1 10581 12010 + 14357 745 1_12755_G_A_b37 1 12755 12755 0.482171 0.0105673 0
1:10580:12010:clu_38683_NA 1 10581 12010 + 14357 763 1_12773_C_A_b37 1 12773 12773 1 0 0
1:10580:12010:clu_38683_NA 1 10581 12010 + 14357 769 1_12779_C_T_b37 1 12779 12779 0.510954 -0.0218779 0
1:10580:12010:clu_38683_NA 1 10581 12010 + 14357 773 1_12783_G_A_b37 1 12783 12783 0.933239 -0.000471101 0
1:10580:12010:clu_38683_NA 1 10581 12010 + 14357 798 1_12808_G_A_b37 1 12808 12808 0.506974 0.0311926 0
1:10580:12010:clu_38683_NA 1 10581 12010 + 14357 822 1_12832_C_A_b37 1 12832 12832 1 0 0
1:10580:12010:clu_38683_NA 1 10581 12010 + 14357 829 1_12839_G_C_b37 1 12839 12839 0.144934 0.0186001 0
1:10580:12010:clu_38683_NA 1 10581 12010 + 14357 858 1_12868_G_A_b37 1 12868 12868 0.581476 -0.0259145 0
1:10580:12010:clu_38683_NA 1 10581 12010 + 14357 872 1_12882_C_G_b37 1 12882 12882 0.319171 0.0107265 0
1:10580:12010:clu_38683_NA 1 10581 12010 + 14357 878 1_12888_A_G_b37 1 12888 12888 0.581476 -0.0259145 0
1:10580:12010:clu_38683_NA 1 10581 12010 + 14357 938 1_12948_T_C_b37 1 12948 12948 0.576824 -0.0262345 0
1:10580:12010:clu_38683_NA 1 10581 12010 + 14357 1015 1_13025_T_G_b37 1 13025 13025 0.7767 0.0133355 0
1:10580:12010:clu_38683_NA 1 10581 12010 + 14357 1033 1_13043_C_A_b37 1 13043 13043 1 0 0
1:10580:12010:clu_38683_NA 1 10581 12010 + 14357 1069 1_13079_C_G_b37 1 13079 13079 0.745998 -0.00250791 0
1:10580:12010:clu_38683_NA 1 10581 12010 + 14357 1081 1_13091_G_A_b37 1 13091 13091 0.37794 0.0414382 0
1:10580:12010:clu_38683_NA 1 10581 12010 + 14357 1100 1_13110_G_A_b37 1 13110 13110 0.346161 -0.00458251 0
1:10580:12010:clu_38683_NA 1 10581 12010 + 14357 1106 1_13116_T_G_b37 1 13116 13116 0.324365 0.00591896 0
1:10580:12010:clu_38683_NA 1 10581 12010 + 14357 1108 1_13118_A_G_b37 1 13118 13118 0.324365 0.00591896 0
1:10580:12010:clu_38683_NA 1 10581 12010 + 14357 1133 1_13143_G_C_b37 1 13143 13143 0.115713 -0.012434 0
1:10580:12010:clu_38683_NA 1 10581 12010 + 14357 1139 1_13149_G_C_b37 1 13149 13149 0.379928 0.0131999 0
1:10580:12010:clu_38683_NA 1 10581 12010 + 14357 1156 1_13166_T_C_b37 1 13166 13166 0.558942 -0.0123491 0
1:10580:12010:clu_38683_NA 1 10581 12010 + 14357 1168 1_13178_G_A_b37 1 13178 13178 0.97151 0.000249408 0
1:10580:12010:clu_38683_NA 1 10581 12010 + 14357 1204 1_13214_C_T_b37 1 13214 13214 0.39095 0.0128971 0
1:10580:12010:clu_38683_NA 1 10581 12010 + 14357 1238 1_13248_C_G_b37 1 13248 13248 0.613297 -0.0237594 0
1:10580:12010:clu_38683_NA 1 10581 12010 + 14357 1258 1_13268_G_C_b37 1 13268 13268 0.547419 -0.028283 0
1:10580:12010:clu_38683_NA 1 10581 12010 + 14357 1263 1_13273_G_C_b37 1 13273 13273 0.345468 -0.00524315 0
1:10580:12010:clu_38683_NA 1 10581 12010 + 14357 1271 1_13281_C_G_b37 1 13281 13281 0.220358 0.00862162 0
1:10580:12010:clu_38683_NA 1 10581 12010 + 14357 1274 1_13284_G_A_b37 1 13284 13284 0.567106 0.0155731 0
1:10580:12010:clu_38683_NA 1 10581 12010 + 14357 1292 1_13302_C_T_b37 1 13302 13302 0.944321 0.000287759 0
1:10580:12010:clu_38683_NA 1 10581 12010 + 14357 1370 1_13380_C_G_b37 1 13380 13380 0.193731 0.04322 0
1:10580:12010:clu_38683_NA 1 10581 12010 + 14357 1408 1_13418_G_A_b37 1 13418 13418 0.834265 -0.00110869 0
1:10580:12010:clu_38683_NA 1 10581 12010 + 14357 1442 1_13452_G_C_b37 1 13452 13452 1 0 0
1:10580:12010:clu_38683_NA 1 10581 12010 + 14357 1473 1_13483_G_C_b37 1 13483 13483 0.779286 0.013177 0
1:10580:12010:clu_38683_NA 1 10581 12010 + 14357 1494 1_13504_G_A_b37 1 13504 13504 1 0 0
1:10580:12010:clu_38683_NA 1 10581 12010 + 14357 1516 1_13526_C_T_b37 1 13526 13526 0.639182 -0.0220425 0
1:10580:12010:clu_38683_NA 1 10581 12010 + 14357 1518 1_13528_C_G_b37 1 13528 13528 1 0 0
1:10580:12010:clu_38683_NA 1 10581 12010 + 14357 1519 1_13529_G_A_b37 1 13529 13529 0.247209 -0.0543649 0
1:10580:12010:clu_38683_NA 1 10581 12010 + 14357 1528 1_13538_G_A_b37 1 13538 13538 1 0 0
1:10580:12010:clu_38683_NA 1 10581 12010 + 14357 1540 1_13550_G_A_b37 1 13550 13550 0.435356 -0.0123465 0
1:10580:12010:clu_38683_NA 1 10581 12010 + 14357 1603 1_13613_T_A_b37 1 13613 13613 0.155515 0.017533 0
1:10580:12010:clu_38683_NA 1 10581 12010 + 14357 1611 1_13621_A_G_b37 1 13621 13621 0.928579 -0.00150337 0
1:10580:12010:clu_38683_NA 1 10581 12010 + 14357 1639 1_13649_G_C_b37 1 13649 13649 0.523507 0.00474177 0
1:10580:12010:clu_38683_NA 1 10581 12010 + 14357 1658 1_13668_G_A_b37 1 13668 13668 0.0354962 0.0332 0
1:10580:12010:clu_38683_NA 1 10581 12010 + 14357 1674 1_13684_C_T_b37 1 13684 13684 0.392535 -0.00943511 0
1:10580:12010:clu_38683_NA 1 10581 12010 + 14357 1740 1_13750_C_T_b37 1 13750 13750 0.888469 0.00330962 0
1:10580:12010:clu_38683_NA 1 10581 12010 + 14357 1741 1_13751_G_A_b37 1 13751 13751 0.277907 -0.0509816 0
1:10580:12010:clu_38683_NA 1 10581 12010 + 14357 1742 1_13752_T_C_b37 1 13752 13752 0.757471 0.00340896 0
1:10580:12010:clu_38683_NA 1 10581 12010 + 14357 1747 1_13757_G_A_b37 1 13757 13757 0.773119 -0.00261067 0
1:10580:12010:clu_38683_NA 1 10581 12010 + 14357 1750 1_13760_G_A_b37 1 13760 13760 1 0 0
1:10580:12010:clu_38683_NA 1 10581 12010 + 14357 1751 1_13761_G_A_b37 1 13761 13761 0.928888 -0.00210613 0
1:10580:12010:clu_38683_NA 1 10581 12010 + 14357 1760 1_13770_C_G_b37 1 13770 13770 0.992377 0.000449228 0
1:10580:12010:clu_38683_NA 1 10581 12010 + 14357 1801 1_13811_C_T_b37 1 13811 13811 1 0 0
1:10580:12010:clu_38683_NA 1 10581 12010 + 14357 1803 1_13813_T_G_b37 1 13813 13813 0.0276951 -0.103205 0
1:10580:12010:clu_38683_NA 1 10581 12010 + 14357 1828 1_13838_C_T_b37 1 13838 13838 0.256787 0.0377218 0
1:10580:12010:clu_38683_NA 1 10581 12010 + 14357 1858 1_13868_A_G_b37 1 13868 13868 0.301281 -0.00490067 0
1:10580:12010:clu_38683_NA 1 10581 12010 + 14357 1886 1_13896_C_A_b37 1 13896 13896 0.887832 -0.000663569 0
1:10580:12010:clu_38683_NA 1 10581 12010 + 14357 1902 1_13912_G_A_b37 1 13912 13912 0.677014 -0.00360526 0
1:10580:12010:clu_38683_NA 1 10581 12010 + 14357 1939 1_13949_T_C_b37 1 13949 13949 0.945078 0.0022936 0
1:10580:12010:clu_38683_NA 1 10581 12010 + 14357 2001 1_14011_C_T_b37 1 14011 14011 0.802209 -0.00591124 0
1:10580:12010:clu_38683_NA 1 10581 12010 + 14357 2016 1_14026_T_G_b37 1 14026 14026 0.0609843 -0.0296005 0
1:10580:12010:clu_38683_NA 1 10581 12010 + 14357 2043 1_14053_C_G_b37 1 14053 14053 0.285179 0.0355542 0
1:10580:12010:clu_38683_NA 1 10581 12010 + 14357 2105 1_14115_A_C_b37 1 14115 14115 0.722588 -0.0118174 0
1:10580:12010:clu_38683_NA 1 10581 12010 + 14357 2106 1_14116_C_T_b37 1 14116 14116 0.722588 -0.0118174 0
1:10580:12010:clu_38683_NA 1 10581 12010 + 14357 2123 1_14133_G_C_b37 1 14133 14133 1 0 0
1:10580:12010:clu_38683_NA 1 10581 12010 + 14357 2155 1_14165_A_G_b37 1 14165 14165 0.804427 0.00177368 0
1:10580:12010:clu_38683_NA 1 10581 12010 + 14357 2160 1_14170_T_C_b37 1 14170 14170 0.990674 -0.000549633 0
1:10580:12010:clu_38683_NA 1 10581 12010 + 14357 2170 1_14180_G_A_b37 1 14180 14180 0.890867 -0.00645158 0
1:10580:12010:clu_38683_NA 1 10581 12010 + 14357 2200 1_14210_G_A_b37 1 14210 14210 0.289391 -0.0176784 0
1:10580:12010:clu_38683_NA 1 10581 12010 + 14357 2205 1_14215_T_C_b37 1 14215 14215 0.207946 0.0265873 0
1:10580:12010:clu_38683_NA 1 10581 12010 + 14357 2214 1_14224_T_G_b37 1 14224 14224 0.54689 0.0283206 0
1:10580:12010:clu_38683_NA 1 10581 12010 + 14357 2254 1_14264_C_T_b37 1 14264 14264 0.673667 0.014021 0
1:10580:12010:clu_38683_NA 1 10581 12010 + 14357 2324 1_14334_G_A_b37 1 14334 14334 1 0 0
1:10580:12010:clu_38683_NA 1 10581 12010 + 14357 2340 1_14350_G_A_b37 1 14350 14350 0.298389 0.0282892 0
1:10580:12010:clu_38683_NA 1 10581 12010 + 14357 2426 1_14436_G_A_b37 1 14436 14436 1 0 0
1:10580:12010:clu_38683_NA 1 10581 12010 + 14357 2454 1_14464_A_T_b37 1 14464 14464 0.17382 -0.00570159 0
1:10580:12010:clu_38683_NA 1 10581 12010 + 14357 2459 1_14469_C_T_b37 1 14469 14469 0.456083 -0.0156832 0
1:10580:12010:clu_38683_NA 1 10581 12010 + 14357 2460 1_14470_G_A_b37 1 14470 14470 0.467306 0.0130126 0
1:10580:12010:clu_38683_NA 1 10581 12010 + 14357 2477 1_14487_G_A_b37 1 14487 14487 1 0 0
1:10580:12010:clu_38683_NA 1 10581 12010 + 14357 2503 1_14513_G_A_b37 1 14513 14513 0.893425 0.000699073 0
1:10580:12010:clu_38683_NA 1 10581 12010 + 14357 2512 1_14522_G_A_b37 1 14522 14522 0.554025 -0.00727708 0
1:10580:12010:clu_38683_NA 1 10581 12010 + 14357 2532 1_14542_A_G_b37 1 14542 14542 0.196662 -0.0150138 0
1:10580:12010:clu_38683_NA 1 10581 12010 + 14357 2564 1_14574_A_G_b37 1 14574 14574 0.793022 -0.0046986 0
1:10580:12010:clu_38683_NA 1 10581 12010 + 14357 2580 1_14590_G_A_b37 1 14590 14590 0.635406 -0.0100193 0
1:10580:12010:clu_38683_NA 1 10581 12010 + 14357 2589 1_14599_T_A_b37 1 14599 14599 0.96736 -0.000686323 0
1:10580:12010:clu_38683_NA 1 10581 12010 + 14357 2594 1_14604_A_G_b37 1 14604 14604 0.949708 -0.000948643 0
1:10580:12010:clu_38683_NA 1 10581 12010 + 14357 2600 1_14610_T_C_b37 1 14610 14610 0.47125 -0.00953739 0
1:10580:12010:clu_38683_NA 1 10581 12010 + 14357 2616 1_14626_G_C_b37 1 14626 14626 0.897595 0.00120464 0
1:10580:12010:clu_38683_NA 1 10581 12010 + 14357 2643 1_14653_C_T_b37 1 14653 14653 0.836321 0.00114882 0
1:10580:12010:clu_38683_NA 1 10581 12010 + 14357 2661 1_14671_G_C_b37 1 14671 14671 0.0565115 0.0286175 0
1:10580:12010:clu_38683_NA 1 10581 12010 + 14357 2663 1_14673_G_C_b37 1 14673 14673 0.235072 0.00746673 0
1:10580:12010:clu_38683_NA 1 10581 12010 + 14357 2667 1_14677_G_A_b37 1 14677 14677 0.432389 -0.00689273 0
1:10580:12010:clu_38683_NA 1 10581 12010 + 14357 2689 1_14699_C_G_b37 1 14699 14699 0.99984 1.28424e-06 0
1:10580:12010:clu_38683_NA 1 10581 12010 + 14357 2701 1_14711_G_A_b37 1 14711 14711 0.884794 -0.0048236 0
1:10580:12010:clu_38683_NA 1 10581 12010 + 14357 2709 1_14719_C_A_b37 1 14719 14719 0.747896 -0.0151123 0
1:10580:12010:clu_38683_NA 1 10581 12010 + 14357 2731 1_14741_C_A_b37 1 14741 14741 0.910032 -0.00131537 0
1:10580:12010:clu_38683_NA 1 10581 12010 + 14357 2763 1_14773_C_T_b37 1 14773 14773 0.945912 -0.000898385 0
1:10580:12010:clu_38683_NA 1 10581 12010 + 14357 2782 1_14792_G_A_b37 1 14792 14792 1 0 0
1:10580:12010:clu_38683_NA 1 10581 12010 + 14357 2832 1_14842_G_T_b37 1 14842 14842 0.575398 -0.0263323 0
1:10580:12010:clu_38683_NA 1 10581 12010 + 14357 2833 1_14843_G_A_b37 1 14843 14843 0.95484 0.00101411 0
1:10580:12010:clu_38683_NA 1 10581 12010 + 14357 2850 1_14860_G_T_b37 1 14860 14860 0.549725 -0.0162763 0
1:10580:12010:clu_38683_NA 1 10581 12010 + 14357 2872 1_14882_A_C_b37 1 14882 14882 0.473164 -0.0337192 0
1:10580:12010:clu_38683_NA 1 10581 12010 + 14357 2886 1_14896_T_C_b37 1 14896 14896 0.805909 0.011553 0
1:10580:12010:clu_38683_NA 1 10581 12010 + 14357 2897 1_14907_A_G_b37 1 14907 14907 0.164879 -0.0149936 0
1:10580:12010:clu_38683_NA 1 10581 12010 + 14357 2920 1_14930_A_G_b37 1 14930 14930 0.191516 -0.0141023 0
1:10580:12010:clu_38683_NA 1 10581 12010 + 14357 2922 1_14932_G_T_b37 1 14932 14932 0.828186 -0.00590649 0
1:10580:12010:clu_38683_NA 1 10581 12010 + 14357 2923 1_14933_G_A_b37 1 14933 14933 0.674079 0.00201123 0
1:10580:12010:clu_38683_NA 1 10581 12010 + 14357 2927 1_14937_T_C_b37 1 14937 14937 0.829348 0.00455524 0
1:10580:12010:clu_38683_NA 1 10581 12010 + 14357 2929 1_14939_G_A_b37 1 14939 14939 0.561889 0.0193059 0
1:10580:12010:clu_38683_NA 1 10581 12010 + 14357 2938 1_14948_G_A_b37 1 14948 14948 0.466102 -0.00489518 0
1:10580:12010:clu_38683_NA 1 10581 12010 + 14357 2965 1_14975_C_T_b37 1 14975 14975 0.253844 -0.05361 0
1:10580:12010:clu_38683_NA 1 10581 12010 + 14357 2971 1_14981_A_C_b37 1 14981 14981 0.831138 0.0100266 0
1:10580:12010:clu_38683_NA 1 10581 12010 + 14357 2980 1_14990_T_A_b37 1 14990 14990 0.231751 0.05618 0
1:10580:12010:clu_38683_NA 1 10581 12010 + 14357 2990 1_15000_G_C_b37 1 15000 15000 0.235925 -0.0322289 0
1:10580:12010:clu_38683_NA 1 10581 12010 + 14357 2999 1_15009_T_C_b37 1 15009 15009 1 0 0
1:10580:12010:clu_38683_NA 1 10581 12010 + 14357 3003 1_15013_G_C_b37 1 15013 15013 0.825163 0.0103871 0
1:10580:12010:clu_38683_NA 1 10581 12010 + 14357 3005 1_15015_G_C_b37 1 15015 15015 0.703192 -0.00334605 0
1:10580:12010:clu_38683_NA 1 10581 12010 + 14357 3019 1_15029_G_A_b37 1 15029 15029 0.401241 -0.00748067 0
1:10580:12010:clu_38683_NA 1 10581 12010 + 14357 3035 1_15045_C_T_b37 1 15045 15045 0.595148 0.00435981 0
1:10580:12010:clu_38683_NA 1 10581 12010 + 14357 3048 1_15058_G_C_b37 1 15058 15058 1 0 0
1:10580:12010:clu_38683_NA 1 10581 12010 + 14357 3084 1_15094_A_G_b37 1 15094 15094 0.957442 -0.000639473 0
1:10580:12010:clu_38683_NA 1 10581 12010 + 14357 3102 1_15112_C_T_b37 1 15112 15112 0.439631 -0.00954852 0
1:10580:12010:clu_38683_NA 1 10581 12010 + 14357 3107 1_15117_C_T_b37 1 15117 15117 1 0 0
1:10580:12010:clu_38683_NA 1 10581 12010 + 14357 3108 1_15118_A_G_b37 1 15118 15118 0.904171 0.000912619 0
1:10580:12010:clu_38683_NA 1 10581 12010 + 14357 3153 1_15163_G_A_b37 1 15163 15163 0.890867 -0.00645158 0
1:10580:12010:clu_38683_NA 1 10581 12010 + 14357 3179 1_15189_C_T_b37 1 15189 15189 0.932321 0.0028272 0
1:10580:12010:clu_38683_NA 1 10581 12010 + 14357 3180 1_15190_G_A_b37 1 15190 15190 0.447824 -0.00379143 0
1:10580:12010:clu_38683_NA 1 10581 12010 + 14357 3197 1_15207_C_T_b37 1 15207 15207 0.2024 -0.0269141 0
1:10580:12010:clu_38683_NA 1 10581 12010 + 14357 3198 1_15208_G_A_b37 1 15208 15208 0.351282 -0.00774242 0
1:10580:12010:clu_38683_NA 1 10581 12010 + 14357 3201 1_15211_T_G_b37 1 15211 15211 0.223209 0.00626442 0
1:10580:12010:clu_38683_NA 1 10581 12010 + 14357 3235 1_15245_C_T_b37 1 15245 15245 0.307163 -0.0479861 0
1:10580:12010:clu_38683_NA 1 10581 12010 + 14357 3246 1_15256_T_C_b37 1 15256 15256 0.792355 -0.00876353 0
1:10580:12010:clu_38683_NA 1 10581 12010 + 14357 3247 1_15257_G_A_b37 1 15257 15257 0.586462 -0.0255733 0
1:10580:12010:clu_38683_NA 1 10581 12010 + 14357 3249 1_15259_G_A_b37 1 15259 15259 0.336018 -0.0320092 0
1:10580:12010:clu_38683_NA 1 10581 12010 + 14357 3263 1_15273_C_T_b37 1 15273 15273 0.764962 -0.0140572 0
1:10580:12010:clu_38683_NA 1 10581 12010 + 14357 3291 1_15301_G_C_b37 1 15301 15301 0.266507 -0.0522065 0
1:10580:12010:clu_38683_NA 1 10581 12010 + 14357 3329 1_15339_C_A_b37 1 15339 15339 0.639182 -0.0220425 0
1:10580:12010:clu_38683_NA 1 10581 12010 + 14357 3341 1_15351_G_T_b37 1 15351 15351 0.902237 0.00237292 0
1:10580:12010:clu_38683_NA 1 10581 12010 + 14357 3342 1_15352_C_T_b37 1 15352 15352 0.902237 0.00237292 0
1:10580:12010:clu_38683_NA 1 10581 12010 + 14357 3344 1_15354_C_G_b37 1 15354 15354 0.0968699 -0.0249271 0
1:10580:12010:clu_38683_NA 1 10581 12010 + 14357 3354 1_15364_G_A_b37 1 15364 15364 0.77548 0.00776202 0
1:10580:12010:clu_38683_NA 1 10581 12010 + 14357 3370 1_15380_C_T_b37 1 15380 15380 0.0001279 0.178459 0
1:10580:12010:clu_38683_NA 1 10581 12010 + 14357 3436 1_15446_C_A_b37 1 15446 15446 0.786468 -0.00901805 0
1:10580:12010:clu_38683_NA 1 10581 12010 + 14357 3437 1_15447_A_G_b37 1 15447 15447 0.782451 0.00133676 0
1:10580:12010:clu_38683_NA 1 10581 12010 + 14357 3459 1_15469_A_G_b37 1 15469 15469 1 0 0
1:10580:12010:clu_38683_NA 1 10581 12010 + 14357 3504 1_15514_G_A_b37 1 15514 15514 1 0 0
1:10580:12010:clu_38683_NA 1 10581 12010 + 14357 3510 1_15520_G_C_b37 1 15520 15520 0.78606 0.0127624 0
1:10580:12010:clu_38683_NA 1 10581 12010 + 14357 3511 1_15521_G_C_b37 1 15521 15521 1 0 0
1:10580:12010:clu_38683_NA 1 10581 12010 + 14357 3517 1_15527_G_A_b37 1 15527 15527 0.334906 0.016164 0
1:10580:12010:clu_38683_NA 1 10581 12010 + 14357 3556 1_15566_G_A_b37 1 15566 15566 0.953744 0.00157868 0
1:10580:12010:clu_38683_NA 1 10581 12010 + 14357 3574 1_15584_T_C_b37 1 15584 15584 0.80145 0.00684379 0
1:10580:12010:clu_38683_NA 1 10581 12010 + 14357 3575 1_15585_G_A_b37 1 15585 15585 0.138245 0.0196029 0
1:10580:12010:clu_38683_NA 1 10581 12010 + 14357 3606 1_15616_G_A_b37 1 15616 15616 0.709133 -0.00411777 0
1:10580:12010:clu_38683_NA 1 10581 12010 + 14357 3633 1_15643_C_T_b37 1 15643 15643 0.198433 0.0427683 0
1:10580:12010:clu_38683_NA 1 10581 12010 + 14357 3637 1_15647_C_G_b37 1 15647 15647 0.340489 0.00849368 0
1:10580:12010:clu_38683_NA 1 10581 12010 + 14357 3678 1_15688_C_T_b37 1 15688 15688 0.508883 0.00310744 0
1:10580:12010:clu_38683_NA 1 10581 12010 + 14357 3684 1_15694_A_G_b37 1 15694 15694 0.598158 0.0175429 0
1:10580:12010:clu_38683_NA 1 10581 12010 + 14357 3705 1_15715_G_A_b37 1 15715 15715 0.573348 0.00526989 0
1:10580:12010:clu_38683_NA 1 10581 12010 + 14357 3707 1_15717_A_G_b37 1 15717 15717 0.695552 0.00468898 0
1:10580:12010:clu_38683_NA 1 10581 12010 + 14357 3711 1_15721_G_A_b37 1 15721 15721 0.47608 0.0091025 0
1:10580:12010:clu_38683_NA 1 10581 12010 + 14357 3760 1_15770_G_A_b37 1 15770 15770 0.838596 0.0024408 0
1:10580:12010:clu_38683_NA 1 10581 12010 + 14357 3763 1_15773_T_C_b37 1 15773 15773 0.0819166 0.0816455 0
1:10580:12010:clu_38683_NA 1 10581 12010 + 14357 3764 1_15774_G_A_b37 1 15774 15774 0.126086 0.0415717 0
1:10580:12010:clu_38683_NA 1 10581 12010 + 14357 3767 1_15777_A_G_b37 1 15777 15777 0.0611054 0.050856 0
1:10580:12010:clu_38683_NA 1 10581 12010 + 14357 3801 1_15811_T_C_b37 1 15811 15811 0.919038 -0.00478024 0
1:10580:12010:clu_38683_NA 1 10581 12010 + 14357 3810 1_15820_G_T_b37 1 15820 15820 0.422332 -0.00393188 0
1:10580:12010:clu_38683_NA 1 10581 12010 + 14357 3825 1_15835_G_A_b37 1 15835 15835 1 0 0
1:10580:12010:clu_38683_NA 1 10581 12010 + 14357 3839 1_15849_C_T_b37 1 15849 15849 1 0 0
1:10580:12010:clu_38683_NA 1 10581 12010 + 14357 3898 1_15908_C_G_b37 1 15908 15908 0.896869 -0.0017657 0
1:10580:12010:clu_38683_NA 1 10581 12010 + 14357 3912 1_15922_A_G_b37 1 15922 15922 0.83193 -0.00998193 0
1:10580:12010:clu_38683_NA 1 10581 12010 + 14357 3946 1_15956_G_A_b37 1 15956 15956 0.951111 0.000963775 0
1:10580:12010:clu_38683_NA 1 10581 12010 + 14357 4004 1_16014_C_T_b37 1 16014 16014 0.338384 0.0032423 0
1:10580:12010:clu_38683_NA 1 10581 12010 + 14357 4027 1_16037_G_A_b37 1 16037 16037 0.811967 0.0111855 0
1:10580:12010:clu_38683_NA 1 10581 12010 + 14357 4032 1_16042_G_C_b37 1 16042 16042 0.478572 0.0126861 0
1:10580:12010:clu_38683_NA 1 10581 12010 + 14357 4052 1_16062_G_A_b37 1 16062 16062 0.224517 0.0570591 0
1:10580:12010:clu_38683_NA 1 10581 12010 + 14357 4058 1_16068_T_C_b37 1 16068 16068 0.400981 0.00321051 0
