id	GTEX-PWN1	GTEX-U8XE	GTEX-O5YT	GTEX-QEG5	GTEX-X5EB	GTEX-XBED
1	-0.4370243080	 0.319630870	 4.302384e-01	 0.3160733197	 0.115166722	-0.462941909
2	 0.1672653390	-0.384668785	 3.781043e-01	-0.1073512959	-0.521567216	 0.008534628
3	-0.0565237052	-0.009003524	-1.770772e-01	 0.3439549341	-0.047937356	 0.325452559
4	-0.0346367160	 0.485927953	-7.895332e-02	 0.2869288597	-0.739059430	-0.022898290
5	-0.4573878357	 0.219976793	-6.079882e-02	-0.5569792487	 0.049194190	-0.145060592
6	-0.4177626018	-0.502384617	-2.824988e-01	 0.5155861399	 0.060808162	-0.133994275
7	-0.3745168106	 0.215100282	-2.965454e-01	-0.0828519039	-0.037768811	 0.576083065
8	 0.3972836799	 0.212091511	-6.053325e-01	 0.0404506046	 0.054153715	-0.466618910
9	 0.3079140170	 0.348752005	 3.106016e-01	 0.3215346763	 0.394614527	 0.300942358
C1	 0.0149000000	 0.017000000	 1.520000e-02	 0.0173000000	 0.015400000	 0.016100000
C2	-0.0087000000	-0.005500000	-9.200000e-03	-0.0036000000	-0.015300000	-0.001500000
C3	 0.0194000000	 0.019900000	 2.600000e-02	 0.0021000000	 0.022800000	 0.006100000
InferredCov1	 0.0293434113	-0.028494662	 4.739591e-02	-0.0010658076	 0.041382294	 0.035215735
InferredCov2	 0.0480608530	 0.036237381	 6.593344e-03	-0.0078620063	-0.043792285	 0.003808195
InferredCov3	 0.0120509127	 0.061328512	-1.580366e-02	-0.0003157265	-0.022867035	 0.009047149
InferredCov4	-0.0819399506	 0.097564936	 5.034426e-02	 0.0331968032	-0.045956340	-0.002153840
InferredCov5	-0.0550926998	 0.088129245	 5.075274e-02	 0.0416702926	-0.011915904	 0.004497344
InferredCov6	 0.0218464900	 0.037601553	-3.336243e-02	-0.0189073533	 0.002664291	 0.036388841
InferredCov7	-0.0226561707	 0.013204805	-1.587022e-02	-0.0193909388	 0.022049872	-0.005524239
InferredCov8	-0.0580237098	-0.035517633	-8.244210e-02	 0.0325150378	-0.033186451	-0.089858368
InferredCov9	 0.0721047595	 0.027777344	-1.374765e-01	-0.0310544912	 0.041278087	-0.037582785
InferredCov10	-0.0516086370	-0.047773711	-8.017512e-02	-0.0031704514	-0.004651841	-0.113173857
InferredCov11	-0.0321162343	-0.057194080	 3.686029e-02	 0.0136906430	 0.027143365	-0.015228824
InferredCov12	 0.0434546322	 0.002929246	 7.944629e-02	 0.1563265026	-0.021459991	 0.015157570
InferredCov13	-0.0244499836	-0.032656450	-1.058552e-01	-0.0363552980	 0.011395391	 0.049534444
InferredCov14	-0.0970800221	 0.029872147	 2.556644e-02	-0.0265416428	 0.003512682	-0.011989549
InferredCov15	 0.0689650401	 0.078622758	 5.148571e-02	 0.0768911988	-0.032169342	-0.073926032
InferredCov16	 0.1131230593	 0.004636364	-4.986572e-02	 0.0657011196	-0.060786504	-0.042366825
InferredCov17	 0.1412066519	-0.055712871	 1.843042e-02	 0.0192430969	-0.036427975	-0.012992552
InferredCov18	-0.0006038482	 0.052538101	-5.961865e-02	 0.1071349829	-0.078493699	 0.042249300
InferredCov19	-0.0309452806	-0.068350077	-9.486560e-02	-0.0878629312	-0.046240333	-0.022097442
InferredCov20	 0.0685274825	-0.012124259	 5.003003e-02	-0.0559800118	 0.051419832	 0.012614799
InferredCov21	 0.0678032264	-0.046703819	-1.375191e-01	 0.0527819730	 0.014868602	 0.060502611
InferredCov22	-0.0558318049	-0.032443650	 1.529987e-02	 0.1148733571	-0.003296143	 0.073756658
InferredCov23	-0.0357522480	 0.031063870	-6.233035e-02	 0.0643949136	 0.025088174	 0.035111263
InferredCov24	 0.0569123663	-0.008129969	-1.880184e-02	 0.0631948635	-0.201024786	-0.148640841
InferredCov25	-0.0194168836	-0.004219612	-5.829205e-03	 0.0186946597	 0.012142545	-0.060739260
InferredCov26	 0.0315627493	-0.105471969	 1.358232e-01	-0.0168031510	 0.059922930	 0.075831033
InferredCov27	-0.0091266055	 0.141515002	-8.545265e-02	 0.0193146244	 0.018492144	 0.031645697
InferredCov28	-0.1013502404	-0.199216694	-4.884900e-02	-0.0165698677	 0.007275290	-0.037745602
InferredCov29	 0.1185159385	 0.119194314	 3.483963e-02	 0.0267959200	 0.061575789	-0.029234271
InferredCov30	-0.0715877563	-0.128824055	-1.984566e-01	-0.0028765369	-0.163734645	-0.072115242
InferredCov31	-0.0358815379	-0.114105821	-2.307951e-02	 0.0592039824	-0.004987563	-0.043194082
InferredCov32	-0.0675329342	 0.173006609	-1.587964e-01	 0.2070974857	-0.151460961	 0.025558500
InferredCov33	-0.0545921624	-0.008107618	-2.220885e-02	-0.0340567864	 0.048083849	-0.001696484
InferredCov34	 0.0304371435	-0.147076294	-1.869529e-01	-0.1520102024	-0.012138655	 0.040531218
InferredCov35	-0.0999362692	-0.080282904	-1.386319e-02	-0.0641823635	 0.049213298	-0.035846673
InferredCov36	-0.0359486267	-0.017166836	-8.612817e-03	-0.0394211672	-0.043700032	-0.096239299
InferredCov37	-0.0528734140	-0.085855074	 1.070930e-02	-0.0051704082	 0.014752513	-0.071404696
InferredCov38	 0.0752416626	 0.009594971	 7.101646e-02	 0.1267613471	-0.092355438	 0.090062842
InferredCov39	-0.0484254584	-0.070963293	-2.993935e-01	 0.1370500922	 0.073332831	 0.104837351
InferredCov40	-0.0730421022	-0.144021139	-5.595831e-02	 0.1311610639	 0.007683333	 0.012163159
InferredCov41	 0.0309510380	-0.022111252	 6.511594e-05	 0.0486872680	 0.016279818	 0.134184390
InferredCov42	 0.1455551684	 0.106744386	-3.576101e-02	-0.3300136626	-0.005425630	-0.268590569
InferredCov43	-0.0423179530	 0.093166195	-5.989202e-02	 0.1175777465	 0.137183815	-0.044679914
InferredCov44	-0.0019425318	 0.148953393	 5.916286e-02	 0.0090294797	-0.030498205	-0.108481750
InferredCov45	-0.0323616564	-0.132302493	-2.853694e-01	-0.0207849629	-0.064072527	-0.024547540
InferredCov46	-0.0017454020	 0.156086445	 3.668691e-02	-0.0870994329	 0.045780703	-0.049889602
InferredCov47	 0.0335403346	 0.160074979	-1.199179e-01	 0.0544503778	 0.096497618	-0.031433932
InferredCov48	-0.0611826628	-0.151361033	 1.717028e-01	-0.0194078535	 0.160455778	-0.083056480
InferredCov49	-0.0692370087	-0.026922477	 5.908980e-02	-0.0269571152	 0.062774576	 0.036824718
InferredCov50	-0.0403421782	 0.216178268	-2.037704e-03	-0.0052819317	 0.203985199	 0.064800590
InferredCov51	 0.1308379918	 0.044324093	-1.579048e-01	-0.1072840095	-0.101275764	-0.032323506
InferredCov52	-0.0067688022	 0.147140786	-2.321423e-01	 0.0029294516	-0.040508922	 0.023858387
InferredCov53	 0.0451515354	 0.079774916	-1.131040e-01	 0.0672745928	-0.128677487	 0.015377405
InferredCov54	 0.0528302565	 0.099116318	-8.553626e-02	-0.0706089810	 0.022610322	-0.029851194
InferredCov55	-0.0221428163	 0.148633420	-2.205811e-02	 0.0438784696	 0.020791179	-0.099641725
InferredCov56	 0.1083259806	-0.019855469	 9.209371e-02	 0.1898132116	-0.112135917	-0.067779385
InferredCov57	-0.0415287018	 0.066457346	-1.889094e-01	 0.0599239878	-0.187741458	-0.069811217
InferredCov58	-0.0710192174	 0.030875118	-6.358323e-02	 0.1191444620	 0.261490703	 0.028011458
InferredCov59	-0.0054455264	-0.004038606	-8.717851e-02	 0.0784196928	 0.191617683	 0.091521077
InferredCov60	-0.1124076247	-0.037254579	 8.552421e-02	 0.0229512639	 0.003413333	 0.045423999
sex	 2.0000000000	 1.000000000	 1.000000e+00	 1.0000000000	 1.000000000	 1.000000000
platform	 2.0000000000	 1.000000000	 2.000000e+00	 1.0000000000	 1.000000000	 1.000000000
